# Averaged quantities from 15000.000000 to 25000.000000
L: -41.208308675550725
TI: 0.07809169745355848
WDir: 315.0029905466447
WS: 9.999952492078313
alpha: 0.023161176253423305
utau: 0.3191544857503785
