# Averaged quantities from 15000.000000 to 20000.000000
L: 124.07987756333655
TI: 0.047694574902539595
WDir: 225.0032803417851
WS: 4.999894637139641
alpha: 0.136667331378974
utau: 0.15586776602361152
