# Averaged quantities from 15000.000000 to 20000.000000
L: 260.7604277361086
TI: 0.04778732696079508
WDir: 225.00331475078644
WS: 4.999918234342674
alpha: 0.23017839672991966
utau: 0.14238698987034834
