# Averaged quantities from 15000.000000 to 20000.000000
L: 5654533.875737198
TI: 0.0549842137399203
WDir: 225.00327191121448
WS: 4.9999543352104485
alpha: 0.0668459176169963
utau: 0.15029369355970676
