# Averaged quantities from 15000.000000 to 20000.000000
L: 5.236428246793952e+17
TI: 0.05489706440577201
WDir: 225.0032083045805
WS: 4.999959420278278
alpha: 0.050128871613391086
utau: 0.15996733120535633
