# Averaged quantities from 15000.000000 to 20000.000000
L: -29.1114925546745
TI: 0.0861090813849625
WDir: 315.0028469396382
WS: 4.999983617467518
alpha: 0.022176899534745345
utau: 0.16356992711433346
