# Averaged quantities from 15000.000000 to 20000.000000
L: 386.60213154173266
TI: 0.05870505276807392
WDir: 225.00182360899746
WS: 14.999805556104315
alpha: 0.10682786823204599
utau: 0.49498489153767417
