L: 57.233491117999606
Q: -0.04284442822300966
Tsurf: 293.19449305555554
abl_forcing_x: -0.0004260316027216995
abl_forcing_y: 0.001501974757016382
ustar: 0.31894129067867577
wstar: 0.0
zi: .nan
