# Averaged quantities from 15000.000000 to 20000.000000
L: 94.97083634850735
TI: 0.0481058615169948
WDir: 225.00336327587792
WS: 4.999876224004877
alpha: 0.16527698113484474
utau: 0.16334234874262635
