# Averaged quantities from 15000.000000 to 20000.000000
L: 596427.396665947
TI: 0.05692951234172182
WDir: 225.0033463703746
WS: 9.999883738616138
alpha: 0.06377746636418327
utau: 0.3001656338584128
