L: 52.51243378860747
Q: -0.005677945102388684
Tsurf: 298.4444666666667
abl_forcing_x: -0.00024203632922562278
abl_forcing_y: 0.0006157630500223709
ustar: 0.1573989255269583
wstar: 0.0
zi: 10.941371115099804
