# Averaged quantities from 15000.000000 to 20000.000000
L: 428.1481384768564
TI: 0.0461836264253859
WDir: 224.98834992879645
WS: 5.00002309469169
alpha: 0.23138281711715053
utau: 0.14931372718289465
