# Averaged quantities from 15000.000000 to 20000.000000
L: 200693.87186845252
TI: 0.06445842508334586
WDir: 225.0034305757318
WS: 14.999747432595154
alpha: 0.07233736464826498
utau: 0.5054597966133185
