# Averaged quantities from 15000.000000 to 20000.000000
L: 376.28793808035465
TI: 0.060907788617729115
WDir: 225.00174259811936
WS: 14.999553354165686
alpha: 0.13206436582987058
utau: 0.5061078154488998
