L: 52.66934818113703
Q: -0.005682713697575803
Tsurf: 298.44444444444446
ustar: 0.15759914771260752
wstar: 0.0
zi: 32.76429838437871
