L: 51.05682169622514
Q: -0.0057611610099884735
Tsurf: 298.3822222222222
ustar: 0.15676807055534292
wstar: 0.0
zi: .nan
