L: 52.66393837909569
Q: -0.005800366194152763
Tsurf: 298.4444444444445
ustar: 0.15866188088862385
wstar: 0.0
zi: .nan
