L: 52.730216991788126
Q: -0.005639709031664547
Tsurf: 298.4444444444445
ustar: 0.1572511050073245
wstar: 0.0
zi: .nan
