L: 131.24525361319184
Q: -0.0766952897307751
Tsurf: 292.7083333333333
ustar: 0.5107230651691462
wstar: 0.0
zi: .nan
