L: 128.14269421895332
Q: -0.0769649470517745
Tsurf: 292.7083333333333
ustar: 0.5071282878744932
wstar: 0.0
zi: .nan
