L: 128.19652060622747
Q: -0.07690666430359341
Tsurf: 292.7083333333333
ustar: 0.5070864138642606
wstar: 0.0
zi: .nan
