# Averaged quantities from 15000.000000 to 20000.000000
L: 356.8743072932821
TI: 0.05122651775396768
WDir: 224.99639730296545
WS: 9.999702899078645
alpha: 0.2127015535561255
utau: 0.3059236992736358
