# Averaged quantities from 15000.000000 to 20000.000000
L: -262.6468885347837
TI: 0.08989647592690804
WDir: 315.00283530104315
WS: 14.999817415789693
alpha: 0.06363355235590235
utau: 0.6435609948467006
