# Averaged quantities from 10000.000000 to 15000.000000
L: 425.61686590293834
TI: 0.05189720138696379
WDir: 225.00312451731
WS: 4.999906343083787
alpha: 0.1784701723750545
utau: 0.14628675083232504
