L: 57.07291288386946
Q: -0.042520009925646446
Tsurf: 293.1944444444444
ustar: 0.3177581301469218
wstar: 0.0
zi: .nan
