L: 57.13735362761829
Q: -0.04239343170717492
Tsurf: 293.1944444444444
ustar: 0.3175640203553287
wstar: 0.0
zi: .nan
