L: 57.185062790284356
Q: -0.042820198327359185
Tsurf: 293.1944444444445
ustar: 0.31879873364799216
wstar: 0.0
zi: .nan
