L: 131.34163406148537
Q: -0.07659579335482392
Tsurf: 292.70835937500004
abl_forcing_x: -0.0007411879714688977
abl_forcing_y: 0.002351125305884414
ustar: 0.510644515474861
wstar: 0.0
zi: 26.873262560571632
